47528586946312977494444128694379338554
2881388965452727619313848010326953418
57141890811497925578081808345331829260
7587454951526274298693501180943742415
4295614141623842734715095977962610077
8042641735568734936493943381246256813
2157812370695266389698588356627587816174
21899053124177899085571175339515385215
592124101034681765618615367387633979336
5527076258843281152572250489748029
722524602330164516442236932694825710039
682886273795114820240641962501868499782
40389436562536329883984611887991324076
93216073804928954872455359182215293817
124832652781835687566629553431382686685
8651807183488581397456725188206454751
40728768523647325218115725297873126427
71276958739744149978457714070811688880
4328318138396568326187924475371155661
204376666488915959012758887910045157689
2393286538056383509485424999888936415
851244201436544939769798296651432952242
3814626983569689979852513662239384988795
33897631275719229569066664571593442
709883909957382893886120233928804464
17945155794466973268814506824054969444
1973332736346122596450935435888793
687512061169799738243139879992188907792
3896274356046508018264390820692985725
27461262184342631351056811631852625047
622248922653781923681316871846586114
78825592883938653078764040923988871646
23827978832929162851336771386536596728
76132548715157489103281132434276155441
92821476730578289098733571363792148324
5617728440752840647235899147720826275
562054162223775802293696315373752926966
28603176952181145816186614837936646052
11888079602713835083865277156467571007
82481912010148979400885455283190128424
3321174150387927185549882360483784375
844162512570474712699283964144166447783
632333844625572127446869334139025732621
8581091607943787903982754428183944793
413381460497086636134494728686791822295
1006168566496342968864365959081582
7534991268806847415339283719751014708042
213558791148634570313215715707174664587
97338394886684153555174144217101884987
737722354163923179718472989387156755141
505561212139301893307677112235160799384
799529329662678967440302371762971494318
9872897053308651896968435605954100524785
834887441865136226923745152132527497522
9439260389549143223255239971789731717
8660303295378961678664297305661116710012
32277973947856763875751007617486852867876
73216693346792528134430952879100914995
478656737671934646226952292702518859
77326825566383833228177550242494463155
254773103886232985604892473309385311675
6570466953752225259018772173511999539890
7746858665255613672152179302992765326
74189675798395691415592952431213142811
6138355922926977651976219457157488392
65875849509388029421595712545371201247
40249375085375631591134768814668792946
425045998533144326923682591989840786470
61798058213592569686787318186490696998
572490702495895327081210096161247108
21461379205608242684198541457340355767
649463669913280126193181597282184664331
44946344514173754575459010736326598
49389120175215645198273415717371442492
8674736383719940169571110062692374631
22623226263409362711529734469965142882
277218324697482225172235980963322361587
832511797653179659235356510307087369376
7410953095100256610594879625483683723516
9039534942421699115572237987730119267
90941548448381252164924417497383593
1745987464382820986992731634542973342272
452161116366866612221778421362457780
30442627634135168682417776199948568142
611867124547016835320715073932890101162
60484568257331618118625136132154525315
6052114237403443928346677824668913041
021232424191149671997383030419862632557
723133571828708883413423621464983602350
315131592422236844541618786236120936578
106256382834648327811333179171580617422
82979886524661323204499815008767960
95488735712554546169933271561640302349
216355880161076694015611966031697513
242728218083443689928351766784760166321
163455157949083989564392490606037913794
247619405912483032967653127099577348118
4741726351605823154657488969477159539
3517375941170990431772646997552698876
465237338168605228815983526934257455191
